100
#1Y 3 3
2 1 2
1 1 1
2 1 2
#2N 5 5
2 2 2 2 2
2 1 1 1 2
2 1 2 1 2
2 1 1 1 2
2 2 2 2 2
#3Y 2 7
1 1 1 1 1 1 1
2 2 2 2 1 1 2
#4Y 7 9
1 1 1 1 1 1 1 1 1
2 1 2 1 1 2 1 1 2
1 1 1 1 1 1 1 1 1
1 1 1 1 1 1 1 1 1
2 1 2 1 1 2 1 1 2
2 1 2 1 1 2 1 1 2
2 1 2 1 1 2 1 1 2
#5N 10 7
2 2 1 1 2 1 2
1 1 2 2 2 1 1
1 2 2 1 1 2 1
1 2 2 1 1 2 2
2 2 1 2 1 2 1
2 2 2 2 2 1 1
1 1 2 2 2 2 1
1 1 1 1 1 2 1
1 2 1 1 1 1 1
2 1 1 1 1 2 1
#6Y 1 5
1 1 1 1 1
#7N 2 4
1 2 1 1
1 2 2 1
#8N 10 10
2 2 2 2 2 2 2 2 1 2
2 2 2 2 2 2 2 2 2 2
2 2 2 2 2 2 2 2 2 2
2 2 1 2 2 2 2 2 2 2
2 2 1 2 2 1 2 2 2 2
2 2 2 2 2 2 2 2 2 2
2 2 2 2 2 2 2 2 1 1
1 1 2 2 2 2 2 2 2 2
2 2 2 2 2 2 2 2 2 2
2 2 2 2 2 2 2 2 2 2
#9N 4 8
2 2 2 2 2 2 2 2
2 2 2 2 2 2 2 2
2 2 2 2 2 1 2 2
2 2 2 2 2 2 2 2
#10Y 1 2
2 2
#11N 7 10
1 2 2 2 1 1 1 1 1 2
1 1 2 1 2 2 2 2 1 1
1 1 1 2 2 1 2 2 1 1
2 2 1 1 1 1 1 1 2 2
1 1 1 2 1 1 1 1 1 1
2 1 2 1 1 2 2 1 1 1
2 1 1 2 1 1 1 2 2 2
#12N 4 8
1 2 2 2 2 2 2 2
2 2 2 2 2 2 1 2
2 2 2 2 2 2 2 2
2 2 2 1 2 2 2 2
#13N 10 4
1 1 2 1
1 2 1 2
1 2 2 1
1 1 2 1
1 2 1 2
2 2 1 2
2 2 2 2
2 2 2 2
2 2 1 1
1 1 1 1
#14N 5 8
2 2 2 2 1 2 2 1
2 2 2 2 2 2 2 2
2 2 2 2 2 2 1 2
2 2 2 2 2 1 2 2
2 2 1 2 2 2 2 2
#15Y 5 1
1
1
1
1
1
#16N 10 9
2 2 2 2 2 2 2 2 2
2 2 2 1 2 2 2 2 2
2 2 2 2 2 2 2 2 2
2 2 2 2 2 2 2 2 2
2 2 2 2 2 2 2 2 2
2 2 2 2 2 2 2 2 2
2 2 2 2 2 2 2 2 2
2 2 2 2 2 2 2 2 2
2 2 2 2 2 2 2 2 2
2 2 2 2 2 2 2 2 2
#17N 4 10
2 2 2 2 2 2 2 2 2 2
2 2 2 2 2 2 2 2 2 2
2 2 2 2 2 2 2 2 2 2
2 2 2 2 2 2 1 2 2 2
#18Y 9 1
1
2
1
1
1
2
1
1
1
#19N 10 10
2 2 2 2 2 2 2 2 2 2
2 2 2 2 2 2 2 2 2 2
2 2 2 2 2 2 2 2 1 2
2 2 2 2 2 2 2 2 2 2
2 2 2 2 2 2 2 2 2 2
2 2 2 2 2 2 2 2 2 2
2 2 2 2 2 2 2 2 2 2
2 2 2 2 2 2 2 2 2 2
2 2 2 2 2 2 2 2 2 2
2 2 2 2 1 2 2 2 2 2
#20N 9 7
2 1 2 2 1 1 1
2 1 2 2 1 2 2
2 1 2 1 1 2 2
2 2 1 1 1 2 2
1 1 2 1 1 2 2
2 2 2 2 2 2 1
1 2 1 2 2 2 1
2 1 2 1 1 2 2
1 2 2 2 2 1 1
#21N 7 7
2 2 1 2 1 2 1
1 2 2 1 2 1 1
1 2 1 2 1 1 2
2 1 1 1 2 1 1
1 1 2 2 2 2 2
2 2 2 1 2 2 1
2 2 1 2 1 1 1
#22N 7 7
1 1 1 1 1 1 1
1 1 1 1 1 1 1
2 2 1 2 1 2 1
2 2 1 2 2 2 1
2 2 1 2 2 2 1
1 1 1 1 1 1 1
2 2 1 2 2 2 1
#23Y 10 10
1 1 1 1 1 1 1 1 1 1
1 1 1 1 1 1 1 1 1 1
1 1 1 1 1 1 1 1 1 1
1 1 1 1 1 1 1 1 1 1
1 1 1 1 1 1 1 1 1 1
1 1 1 1 1 1 1 1 1 1
1 1 1 1 2 1 1 1 1 1
1 1 1 1 1 1 1 1 1 1
1 1 1 1 1 1 1 1 1 1
1 1 1 1 1 1 1 1 1 1
#24Y 2 9
1 1 1 1 1 1 1 1 1
1 1 1 1 1 1 1 1 1
#25N 4 3
2 2 2
2 2 1
2 2 2
2 2 2
#26Y 7 2
1 1
1 1
1 1
1 1
1 1
1 1
1 1
#27N 10 3
2 2 2
1 1 1
1 1 1
1 1 1
1 1 1
2 1 2
1 1 1
2 2 2
1 1 1
2 2 2
#28Y 10 10
1 1 1 1 1 1 1 1 1 1
2 1 1 1 1 1 1 1 1 1
1 1 1 1 1 1 1 1 1 1
1 1 1 1 1 1 1 1 1 1
1 1 1 1 1 1 1 1 1 1
1 1 1 1 1 1 1 1 1 1
1 1 1 1 1 1 1 1 1 1
1 1 1 1 1 1 1 1 1 1
1 1 1 1 1 1 1 1 1 1
1 1 1 1 1 1 1 1 1 1
#29N 4 3
2 2 2
2 2 2
2 2 2
1 1 2
#30N 3 10
1 2 1 1 1 2 1 1 1 2
1 1 1 1 2 2 2 2 2 2
2 2 1 1 1 2 1 2 2 1
#31N 3 4
1 1 1 1
2 2 2 1
2 2 2 2
#32Y 4 10
1 1 1 1 1 1 1 1 1 1
1 1 1 1 1 1 1 1 1 1
2 2 1 2 2 1 1 1 1 2
1 1 1 1 1 1 1 1 1 1
#33N 5 7
1 2 1 2 2 2 2
2 2 1 2 2 2 2
2 2 2 2 1 2 1
2 2 2 1 2 2 2
2 2 1 2 1 2 2
#34Y 4 8
2 1 2 1 2 1 2 1
1 1 1 1 1 1 1 1
2 1 2 1 2 1 2 1
2 1 2 1 2 1 2 1
#35Y 10 10
1 1 2 1 1 1 1 1 1 1
1 1 1 1 1 1 1 1 1 1
1 1 1 1 1 1 1 1 1 1
1 1 1 1 1 1 1 1 1 1
1 1 1 1 1 1 1 1 1 1
1 1 1 1 1 1 1 1 1 1
1 1 1 1 1 1 1 1 1 1
1 1 1 1 1 1 1 1 1 1
1 1 1 1 1 1 1 1 1 1
2 1 1 1 1 1 1 1 1 1
#36Y 7 7
1 2 1 1 1 1 2
1 1 1 1 1 1 1
1 1 1 1 1 1 1
1 2 1 1 1 1 2
1 2 1 1 1 1 2
1 1 1 1 1 1 1
1 2 1 1 1 1 2
#37N 8 5
2 1 1 1 1
2 2 1 1 2
1 2 1 1 1
1 1 1 1 1
1 1 2 2 1
2 1 1 1 2
1 1 2 2 1
1 2 1 1 1
#38Y 3 2
1 2
1 1
1 2
#39Y 7 10
1 1 1 1 1 1 1 1 1 1
2 1 2 1 1 2 2 1 2 1
2 1 2 1 1 2 2 1 2 1
1 1 1 1 1 1 1 1 1 1
2 1 2 1 1 2 2 1 2 1
2 1 2 1 1 2 2 1 2 1
1 1 1 1 1 1 1 1 1 1
#40N 7 9
2 2 2 2 2 2 2 2 2
2 2 2 2 2 2 2 2 2
2 2 2 2 2 2 2 2 2
2 2 2 2 2 2 2 2 2
2 2 2 2 2 2 2 2 2
2 2 1 2 2 2 2 2 2
2 2 2 2 2 2 2 2 2
#41Y 1 9
1 1 1 1 1 1 1 1 1
#42N 8 8
2 1 2 2 2 1 1 1
2 2 1 1 1 1 1 2
2 1 1 2 2 1 1 2
2 2 1 1 2 2 2 1
1 1 1 2 2 1 2 2
2 2 2 2 1 1 1 2
1 1 2 1 1 1 1 1
1 2 1 1 1 1 2 1
#43N 5 7
1 2 2 2 2 2 2
2 2 2 2 2 2 2
2 2 2 2 2 2 2
2 2 2 2 2 2 2
2 2 2 2 2 2 2
#44N 9 10
1 2 2 2 2 1 1 2 1 1
2 2 1 1 1 1 1 2 1 1
1 2 1 2 2 1 2 1 2 1
1 1 1 2 1 1 2 1 2 1
1 2 1 1 1 2 2 1 1 1
1 2 2 1 1 1 2 1 2 1
1 1 1 2 2 2 1 2 2 1
1 1 2 1 1 2 1 1 2 2
2 1 2 2 2 1 2 1 2 1
#45Y 10 10
1 1 1 1 1 1 1 1 1 1
1 1 1 1 1 1 1 1 1 1
1 1 1 1 1 1 1 1 1 1
1 1 1 1 1 1 1 1 1 1
2 1 1 1 1 1 1 1 1 1
1 1 1 1 1 1 1 1 1 1
1 1 1 1 1 1 1 1 1 1
1 1 1 1 1 1 1 1 1 1
1 1 1 1 1 1 1 1 2 1
1 1 1 1 1 1 1 1 1 1
#46N 9 2
2 2
2 1
1 2
1 2
2 2
2 1
1 2
2 1
2 1
#47Y 8 8
1 1 1 1 1 1 1 1
1 1 1 1 1 1 1 1
1 1 1 1 1 1 1 1
1 2 1 2 2 1 1 1
1 2 1 2 2 1 1 1
1 2 1 2 2 1 1 1
1 1 1 1 1 1 1 1
1 1 1 1 1 1 1 1
#48Y 5 8
2 1 1 2 1 2 2 2
2 1 1 2 1 2 2 2
1 1 1 1 1 1 1 1
2 1 1 2 1 2 2 2
1 1 1 1 1 1 1 1
#49N 2 9
2 2 2 2 2 2 1 2 2
2 1 2 2 2 2 2 2 2
#50N 8 4
2 2 2 1
1 1 1 2
1 1 1 2
2 1 2 1
2 1 1 2
1 2 1 1
1 2 1 1
1 1 1 2
#51Y 7 3
1 1 1
1 1 1
2 1 1
1 1 1
1 1 1
2 1 1
1 1 1
7 2
2 2
2 2
2 2
2 1
2 2
2 2
2 2
5 7
1 1 1 1 1 1 1
1 2 1 1 1 2 2
1 1 1 1 1 1 1
1 1 1 1 1 1 1
1 2 1 1 1 2 2
7 3
2 2 2
2 2 2
2 1 2
2 2 2
2 2 2
2 2 2
2 2 2
2 6
2 2 2 2 2 1
2 2 2 2 2 2
8 8
1 2 1 1 2 2 1 2
1 1 1 1 1 1 1 1
1 1 1 1 1 1 1 1
1 2 1 1 2 2 1 2
1 2 1 1 2 2 1 2
1 2 1 1 2 2 1 2
1 2 1 1 2 2 1 2
1 2 1 1 2 1 1 2
4 10
2 2 2 1 2 2 2 2 2 2
2 2 2 2 2 2 2 2 2 2
2 1 2 2 2 2 2 2 2 2
1 2 2 2 1 2 2 2 2 2
1 2
1 1
10 10
2 2 2 2 2 2 2 2 2 2
2 2 2 2 2 2 2 2 2 2
2 2 2 2 2 2 2 2 2 2
2 2 2 1 2 2 2 2 2 2
2 2 2 2 1 2 2 2 2 2
2 2 2 2 2 2 2 2 2 2
2 2 2 2 2 2 2 2 2 2
2 2 2 2 2 2 2 2 2 2
2 2 2 2 2 2 2 2 2 2
2 2 2 2 2 2 2 2 2 2
2 6
2 2 2 2 1 2
2 1 2 1 2 1
5 8
2 2 2 2 2 2 2 2
2 2 2 2 2 2 2 2
2 2 2 2 2 2 2 2
2 2 2 2 2 2 2 1
2 2 2 2 2 2 2 2
4 2
2 1
1 2
2 2
2 2
2 3
2 1 1
2 1 1
10 10
1 2 1 2 2 1 2 2 1 1
1 2 2 1 1 2 2 2 1 2
1 2 1 2 1 2 1 1 2 1
2 2 1 2 1 2 2 2 2 1
2 1 2 2 2 2 1 2 2 1
2 2 1 1 1 1 2 2 2 1
2 1 2 1 2 2 2 2 2 2
1 2 1 2 2 1 2 1 1 2
1 1 1 1 2 1 1 1 2 2
1 2 2 1 2 2 1 1 2 1
3 7
1 2 2 1 2 1 1
1 2 1 2 1 1 2
1 2 2 1 1 1 1
5 1
1
1
1
1
1
7 2
2 2
2 2
2 2
2 2
2 1
2 2
2 2
7 3
2 2 2
1 2 2
2 2 2
2 1 1
1 1 2
2 2 2
2 2 2
6 2
1 1
2 2
2 2
1 2
2 2
1 1
4 3
1 2 1
1 1 1
1 1 1
1 1 1
4 2
2 2
2 2
2 2
2 1
7 5
2 2 2 2 1
1 1 1 1 2
1 2 1 2 2
1 1 2 1 1
1 2 1 2 2
2 1 2 1 1
1 2 1 1 1
10 9
1 1 1 1 1 1 1 1 1
1 1 1 1 1 1 1 1 1
1 1 1 1 1 1 1 1 1
1 1 1 1 1 1 1 1 1
1 1 1 1 1 1 1 1 1
1 1 1 1 1 1 1 1 1
1 1 1 1 1 1 1 1 1
1 1 1 1 1 1 1 1 1
2 2 2 1 2 1 2 2 2
1 1 1 1 1 1 1 1 1
2 6
1 1 1 1 1 1
1 1 1 2 1 2
10 10
2 2 2 2 2 2 2 2 2 2
2 2 2 2 2 2 2 2 2 2
2 2 2 2 2 2 2 2 2 2
2 2 2 2 2 2 2 2 2 2
2 2 2 2 2 2 2 2 2 2
2 2 2 2 2 2 2 2 2 2
2 2 2 2 2 2 2 2 2 2
2 2 2 2 2 2 2 2 2 2
2 2 2 2 2 2 2 2 2 2
2 2 2 2 2 2 2 2 2 2
2 9
2 2 2 2 2 2 2 2 2
2 1 2 2 2 2 2 2 2
2 3
1 2 2
2 2 2
2 1
1
1
10 10
2 2 2 2 2 1 2 1 2 2
1 2 1 2 2 1 2 2 2 2
2 2 1 2 1 2 1 2 2 1
1 1 2 1 2 2 1 1 1 2
2 1 2 2 2 2 1 1 1 2
2 2 1 1 1 1 2 1 2 1
2 1 2 2 1 2 2 2 2 2
1 1 2 1 1 1 2 2 2 1
2 1 1 1 1 1 1 1 2 1
2 1 2 2 1 2 2 2 2 2
2 9
2 2 2 1 2 2 2 2 2
2 2 2 2 2 2 2 2 2
1 5
1 1 1 1 1
10 10
1 1 1 1 1 1 1 1 1 1
1 1 1 1 1 1 1 1 1 1
1 1 2 1 1 2 2 2 2 2
1 1 2 1 1 2 2 2 2 2
1 1 1 1 1 1 1 1 1 1
1 1 1 1 1 1 1 1 1 1
1 1 2 1 1 2 2 2 2 2
1 1 1 1 1 1 1 1 1 1
1 1 1 1 1 1 1 1 1 1
1 1 1 1 1 1 1 1 1 1
4 2
1 1
1 1
1 2
1 1
10 10
2 2 2 2 2 2 2 2 2 2
1 2 2 2 2 2 2 2 2 2
2 2 2 2 2 2 2 2 2 2
2 2 2 2 2 2 2 2 2 2
2 2 2 2 2 2 2 2 2 2
2 2 2 2 2 2 2 2 2 2
2 2 2 2 2 2 2 2 2 2
2 2 2 2 2 2 2 2 2 2
2 2 2 2 2 2 2 2 2 2
2 2 2 2 2 2 2 2 2 2
10 10
1 1 1 1 1 1 1 1 1 1
2 1 1 1 1 2 1 2 2 2
2 1 1 1 1 2 1 2 2 2
2 1 1 1 1 2 1 2 2 2
1 1 1 1 1 1 1 1 1 1
2 1 1 1 1 2 1 2 2 2
1 1 1 1 1 1 1 1 1 1
2 1 1 1 1 2 1 2 2 2
1 1 1 1 1 1 1 1 1 1
1 1 1 1 1 1 1 1 1 1
7 10
1 1 1 1 1 2 1 2 1 2
1 1 1 1 1 1 1 1 1 1
1 1 1 1 1 2 1 2 1 2
1 1 1 1 1 1 1 2 1 2
1 1 1 1 1 1 1 1 1 1
1 1 1 1 1 1 1 1 1 1
1 1 1 1 1 1 1 1 1 1
2 9
2 2 2 2 2 1 2 2 2
1 2 1 2 1 2 1 2 1
2 9
1 1 1 1 1 1 1 1 1
1 1 2 1 2 1 2 2 2
7 9
2 2 2 2 2 2 1 2 2
2 2 2 2 1 2 1 2 2
2 1 2 2 2 2 2 2 2
2 1 2 2 2 2 1 2 2
2 1 2 1 2 2 2 2 2
1 2 2 2 2 2 2 2 1
2 2 2 2 1 1 2 2 2
10 3
1 2 1
1 2 1
1 1 1
1 2 1
1 2 1
1 2 1
1 2 1
1 2 1
1 1 1
1 2 1
10 3
2 2 2
2 2 2
2 2 2
2 1 2
2 2 2
2 2 2
2 2 2
2 2 2
2 2 2
1 2 2
9 2
1 2
1 1
1 2
2 1
1 2
1 1
2 2
2 1
2 2
2 1
1
1
2 3
2 2 1
2 1 2
10 10
2 2 2 2 2 2 2 2 2 2
2 2 2 2 2 2 2 2 2 2
2 2 2 2 2 2 2 2 2 2
2 2 2 2 2 2 2 2 2 2
2 2 2 2 2 2 2 2 2 2
2 2 2 2 2 2 2 2 2 2
2 2 2 2 2 2 2 2 1 2
2 2 2 2 2 2 2 2 2 2
2 2 2 2 2 2 2 2 2 2
2 2 2 2 2 2 2 2 2 2
#96Y1 1
2
#97N 10 10
2 2 2 2 2 2 2 2 2 2
2 2 2 2 2 2 2 2 2 2
2 2 2 2 2 2 2 2 2 2
2 2 2 2 2 2 2 2 2 2
2 2 2 2 2 2 2 2 2 2
2 2 2 2 2 2 2 2 2 2
2 2 2 1 2 2 2 2 2 2
2 2 2 2 2 2 2 2 2 2
2 2 2 2 2 2 2 2 2 2
2 2 2 2 2 2 2 2 2 2
#98 N7 7
2 2 2 2 1 2 2
2 2 1 2 2 1 2
2 2 2 2 2 2 1
2 2 2 2 2 2 2
2 2 2 2 2 1 2
2 2 2 2 1 2 2
2 2 2 2 2 2 2
#99Y 1 1
1
#100N 10 9
1 1 1 2 1 1 1 1 1
1 1 1 1 2 1 1 1 1
2 1 2 2 1 1 1 2 1
1 1 2 1 1 2 1 2 1
1 1 1 1 1 2 1 2 2
1 2 1 1 1 1 2 2 2
1 1 2 1 2 1 1 1 2
1 2 1 2 2 2 1 1 1
1 1 1 1 1 2 2 2 1
1 1 1 1 1 1 1 1 2
